1010100000011101010001010101010001111001010101010101010101010101010000001111010101010101010101010101010101010101010110111111000000001101010
01010101010101010111100000000110101010100111100101001010100101010101001010100000011111
10101001010101010101010101010100101010101010101010010101010010101010101010100101010101010101001010101
11111111111111111111111000000000000011010110101010101010101010101001010101010000000011010101010101010101011010
01010110101010101010101010100000001110101010101010010101001010101001010101010100111111101010101010011001010101010101001010101010
01010100101010101010101010010101010101011111001010101010010101010010101001010101010101001010101010100
1001010101010101011101100101010101001010101001010101001010101011111100101010010101010101001010101010010101010
100101010100101010101010101111111111111110011001010101010101010100101010101010101010010101010101
0101010101010010101001010101010100101010101001
010101010100101010100101010101001010101001010110100101010
